taxID,%LT,%STG8,%E7
376686c,0,0,0
228405a,0,100,0
228405b,0,0,0
252305a,0,0,0
350702a,0,0,0
1082932a,0,0,0
292415a,40,0,100
313596a,0,0,100
742821a,0,0,0
228405c,0,0,0
314254a,0,0,0
742159a,40,0,100
234267a,0,100,0
1046627a,0,0,100
717606a,0,0,100
535289a,0,0,100
396595a,0,0,100
446471a,40,0,100
985010a,0,100,0
320771a,0,0,0
937772a,0,100,0
649349b,0,0,0
376686d,0,0,0
743720a,100,100,0
666681a,0,0,0
697282b,0,100,0
11442100a,0,100,0
11442100b,100,0,0
298654e,0,0,100
298654d,0,0,0
4565a,100,0,0
298654f,0,0,0
298654a,0,100,0
742767a,0,0,100
298654c,0,0,100
298654b,40,0,100
272558a,0,0,100
743722a,0,0,100
1097668b,0,0,0
1097668a,0,0,0
78245b,0,0,100
78245c,0,0,0
78245a,0,0,100
640510b,40,0,100
640510a,0,0,0
78245e,0,0,0
216595a,100,100,0
396588b,0,0,100
1085623a,0,0,0
1108044a,40,0,100
889218a,0,0,100
585531a,0,0,100
765698a,0,0,100
3332a,100,0,0
314264c,0,0,100
314264b,0,0,0
314264a,0,0,0
562971a,40,0,100
159087a,40,0,100
1112217a,100,100,0
319795b,0,0,100
693977a,0,0,100
680198a,0,0,0
521098a,0,0,100
621372a,0,0,100
548478a,0,0,100
235279a,0,0,100
551936a,0,0,100
649638a,0,0,0
537970a,0,0,100
63737b,0,0,0
196627a,40,0,100
439497a,0,0,100
467661a,0,0,0
350701a,40,0,100
158878a,100,0,100
349163a,0,100,0
360910a,40,0,100
504472b,0,0,0
860228a,0,0,100
88036a,100,0,0
983920b,0,0,0
396513a,100,0,100
983920d,0,0,100
627192b,0,0,100
298653a,40,0,100
543526b,0,100,0
525263a,40,0,100
531844a,0,0,0
298653b,0,100,0
1086011a,0,0,0
267671a,0,0,0
266940a,0,0,0
1031710a,0,0,0
629264a,100,100,0
582744a,0,0,0
717774a,40,0,100
416348a,0,100,0
306264a,0,0,100
457425a,100,0,100
313595a,0,0,100
266264a,40,0,100
908937a,100,0,100
312153a,40,0,100
680198b,40,0,100
480224a,100,0,0
583345b,40,0,100
3100286a,40,0,100
3100286b,0,0,100
396595b,0,0,0
264198a,40,0,100
391600a,0,0,0
450851b,0,0,0
5510098a,40,0,100
640132a,40,0,100
450851a,0,0,100
387093b,0,0,0
387093a,0,0,0
394221a,0,0,0
887062a,0,0,100
443152a,100,100,0
591158a,100,0,100
3067a,0,100,0
876044b,0,0,100
3067b,0,100,0
522306a,40,0,100
471852a,0,100,0
35128a,0,0,100
702113b,0,0,0
435837a,100,0,100
420915a,0,0,0
512030d,0,0,100
512030a,40,0,100
512030b,100,100,0
512030c,0,0,100
644548a,40,0,100
246197a,0,100,0
246197b,0,0,0
102897d,0,0,100
857087b,0,0,0
102897a,40,0,100
102897b,0,100,0
2021a,40,0,100
243243a,0,100,0
313589a,0,0,100
243243c,0,0,0
243243b,40,0,100
908341a,0,0,100
392499a,0,0,0
1041522c,0,0,0
1041522b,0,100,0
649349a,0,0,100
115808a,0,0,0
115808b,40,0,0
115808c,0,0,100
400668a,0,100,0
243159a,40,0,0
391598a,0,0,100
580332b,0,0,0
580332c,100,100,0
269483a,0,0,0
580332a,0,100,0
580332d,40,0,100
314608a,0,0,0
381666a,0,0,0
314608b,40,0,0
999541a,0,0,0
1146883a,40,0,100
1032480a,0,0,100
314260a,100,100,0
690566b,0,0,0
1097676a,0,0,0
1097676b,40,0,100
665952a,100,0,100
456481a,0,0,100
312017a,0,0,0
335283b,0,0,0
335283a,0,0,0
452652b,0,0,100
502025a,0,0,0
39947a,100,0,0
3055b,0,100,0
3055c,0,100,0
455488a,0,100,0
452652a,0,0,100
457427a,0,0,100
393595a,0,0,100
344747a,0,0,100
633149a,0,100,0
460265a,0,0,100
525268a,40,0,100
543728a,40,0,100
234621a,0,0,0
637616d,0,0,0
5885c,0,0,0
5885b,0,100,0
5885a,0,100,0
629268a,100,100,0
443255a,100,0,100
443255b,0,0,100
865938a,0,0,0
219305a,40,0,100
637616b,0,100,0
314276a,0,100,0
637616c,0,100,0
348780a,0,100,0
694427a,0,0,0
526227a,0,0,0
4810021a,0,0,0
1027371a,40,0,100
318586a,0,0,100
608538a,0,100,0
608538b,0,0,0
315749a,0,0,100
269798a,100,0,0
1041826b,0,0,0
406818a,0,0,100
1041826a,0,0,100
1005058a,0,0,0
1001585a,40,0,100
666686a,0,0,100
666686b,0,100,0
634956a,0,0,100
211586a,40,0,0
264462b,40,0,100
264462a,0,0,100
582899c,0,0,100
246200a,0,0,100
246200b,0,0,0
491952a,40,0,0
384765a,0,100,0
522373a,0,0,100
565034a,0,0,100
585529a,40,0,100
384765b,0,0,0
1129374a,0,0,0
909943a,0,100,0
685727a,0,0,0
465543b,100,0,100
443218a,0,0,100
554065b,0,0,0
465543a,0,0,0
744980b,0,0,0
311403a,0,0,0
596154a,0,0,100
398580a,0,0,0
710687b,0,100,0
596154b,0,0,0
536019a,0,0,100
422289a,40,0,100
397945a,100,100,0
283942a,0,100,0
886377d,0,0,0
984892a,100,0,100
366394a,0,0,0
366394b,0,0,0
637616e,40,0,100
271848a,0,0,0
326424c,0,0,0
693972a,40,0,0
271848b,40,0,100
153948a,0,0,0
400668b,40,0,0
326424d,0,0,100
358681a,100,0,100
666681c,40,0,100
398578a,40,0,100
253839a,0,0,100
384676a,40,0,100
290399a,0,0,100
78245d,0,0,0
1107882a,0,0,0
11010044a,0,0,0
573060b,0,0,0
665959c,0,100,0
573060a,0,0,100
196164a,40,0,100
318114a,0,100,0
944546a,0,0,0
298655a,40,0,100
665959a,0,0,0
857967a,0,100,0
82789a,0,0,0
5888d,0,0,0
661367b,0,0,100
554065c,0,0,0
318114c,100,100,0
5888e,100,100,0
318114b,40,0,100
1003200b,0,0,100
176279a,100,0,100
1003200a,40,0,100
395963b,0,0,100
526986a,0,0,100
395963a,0,0,100
744980a,0,0,0
207949c,0,100,0
926562a,0,0,0
583355b,100,100,0
1006272a,40,0,0
649639b,0,100,0
649639a,0,0,100
882084a,40,0,100
388384a,0,0,0
688270a,0,0,100
1641006b,40,0,100
1641006c,0,0,0
640511b,0,0,0
1641006a,0,100,0
545693a,0,0,100
748247b,40,0,100
748247a,0,0,0
164546a,40,0,100
216594a,40,0,100
351016a,0,0,100
591167a,100,0,100
391625c,100,0,0
391625b,0,100,0
710687a,40,0,100
34297a,100,0,0
656024a,40,0,100
296591a,40,0,100
7110022a,0,100,0
5410059a,0,100,0
865937a,0,0,100
710687c,0,0,0
446465a,40,0,100
525378a,100,0,100
1050222a,0,0,100
504728a,0,0,100
1138383b,40,0,100
979556a,40,0,100
1034807a,0,0,100
713604b,100,0,100
644283a,0,100,0
713604c,0,0,0
525264a,40,0,100
380358a,100,100,0
637905b,40,0,100
313627a,0,0,100
350054a,40,0,100
637905a,0,0,0
439497b,0,100,0
722419b,0,0,0
722419a,0,0,0
397945b,0,0,0
794903a,0,0,100
643561a,100,100,0
312284a,40,0,100
622637a,100,100,0
481448a,0,0,0
867900a,0,0,100
318167b,40,0,0
318167a,0,100,0
319795a,100,0,100
1110505a,40,0,100
420662a,0,100,0
323098a,0,0,0
504474a,0,0,100
314280a,0,0,0
762903d,0,0,0
314280c,0,0,0
314280b,0,0,100
643561b,0,0,0
1087454a,40,0,100
288705a,0,0,0
247156a,40,0,100
324057a,100,0,100
395492a,0,0,0
387092a,0,0,0
395492b,0,0,0
391603a,0,0,100
997346d,0,0,100
1114960a,0,0,0
1114960b,0,0,100
326424a,0,100,0
520489a,0,0,100
983920a,0,0,100
358681b,0,100,0
395965c,0,0,0
643561c,40,0,100
864051b,40,0,100
342451a,100,0,100
365044e,0,0,0
3142100b,0,0,0
365044c,0,0,100
365044b,40,0,100
365044a,0,100,0
391038b,40,0,100
3694a,100,0,0
262543a,0,0,100
543302a,0,0,100
345219a,0,0,100
1138382a,0,0,0
1036674a,0,0,0
928724a,40,0,100
1036674b,100,100,0
761193a,0,0,0
857087a,100,100,0
686340b,0,100,0
258594a,0,0,100
326427a,100,0,0
686340a,0,0,100
506534a,0,100,0
626418a,0,0,0
392500c,40,0,0
101510a,0,0,0
627192a,0,0,0
101510c,0,0,0
101510b,0,0,100
391597a,0,100,0
228410a,0,0,0
243233b,100,100,0
243233c,40,0,100
688270b,0,0,100
243233a,0,0,100
398511a,0,0,100
6621005a,0,0,100
66692a,0,0,100
983920c,0,0,100
3100451a,0,0,0
717605a,0,0,100
420246a,0,0,0
1082931a,0,0,100
3880b,0,0,0
563032a,0,0,100
156578a,0,0,0
439496c,0,0,100
5888g,0,0,100
357808a,0,0,0
357808b,0,0,0
395495a,40,0,100
857087d,100,100,0
1118154a,100,0,100
452637a,0,0,100
395495b,0,100,0
225937a,100,100,0
272624a,100,100,0
596320a,0,0,0
857087c,0,100,0
298655b,0,0,100
298655c,0,0,100
253839b,100,0,100
700598b,0,0,0
298655d,0,0,0
244592a,0,0,0
929556a,0,0,100
583355a,0,0,100
1091494a,100,100,0
1091494b,0,0,100
156586a,0,0,100
795797a,0,100,0
926570a,0,0,0
1133850a,40,0,100
997346a,0,0,0
3649a,100,0,0
709032c,0,0,0
1097667b,0,0,100
100379a,0,100,0
376219a,100,100,0
1097667a,0,100,0
3142100a,0,100,0
9860100a,0,0,100
3142100c,0,0,100
264201a,0,0,0
225849a,40,0,0
944547b,0,0,0
279238a,0,0,100
279238b,0,0,0
279238c,0,0,100
350058b,0,100,0
247634b,0,0,0
247634a,0,0,100
350058a,40,0,100
526226a,40,0,100
5888a,0,0,100
100379c,0,0,0
100379b,40,0,100
257309a,0,0,100
391619a,0,0,100
887061a,40,0,100
392499b,0,0,100
314285b,0,0,100
314285a,0,100,0
3880a,100,0,0
402881a,0,0,0
425104a,0,0,0
407976a,0,0,0
331869a,0,0,100
272942a,0,0,100
471223a,0,0,100
395019a,0,0,0
349521a,0,100,0
434085a,0,0,0
29760a,100,0,0
446468a,40,0,100
525373a,0,0,0
1127483a,40,0,100
452662a,0,0,100
411154b,0,0,100
224911b,0,0,100
224911a,40,0,0
1034809a,100,0,100
882378a,0,0,0
5888c,0,0,100
379731a,40,0,100
266265b,0,0,0
313628a,0,100,0
313628b,0,0,0
266265a,40,0,100
762903b,0,0,0
762903c,0,0,0
1080230a,100,100,0
762903a,0,0,0
161544a,0,0,100
697282c,40,0,100
326298b,0,0,0
243230a,100,0,100
485914a,0,100,0
408672a,0,0,100
408672b,0,0,100
326424b,40,0,100
1078020a,40,0,100
1078020b,0,0,0
8621001a,100,0,100
595537a,40,0,100
398579a,40,0,0
305a,40,0,100
377629a,0,100,0
290398a,40,0,100
204773b,0,0,100
747457a,0,0,100
204773a,0,0,100
395965d,0,0,100
546268a,0,0,0
1007424b,0,100,0
426117a,0,0,100
944547c,0,0,0
314253a,0,0,0
10100090a,0,0,100
665959b,0,0,100
87626a,0,0,0
857087e,40,0,100
309800a,0,100,0
314292a,0,0,100
106370b,40,0,100
106370a,0,100,0
306263a,0,0,100
985665a,0,0,100
907261a,40,0,100
316058a,0,0,100
670307b,0,0,100
1064539a,0,0,0
6481007a,0,0,0
1007424d,0,0,0
945711a,40,0,100
1005732b,0,0,100
263358a,0,0,0
263358b,0,0,0
1005732a,0,0,100
643867a,0,0,0
269482a,40,0,100
269482b,40,0,100
269482c,0,0,0
314345a,0,0,0
314345c,100,100,0
314345b,0,100,0
563040b,0,0,0
563040a,0,0,0
434085b,0,0,100
234831a,0,0,0
546231a,100,100,0
349520a,0,0,100
929558a,0,0,100
8100328a,40,0,100
386429a,0,0,0
864051c,40,0,100
527005a,0,0,100
414684a,0,0,100
62928b,0,0,100
62928a,40,0,100
643867b,0,0,0
501479b,0,0,0
501479a,0,0,100
1009914a,0,0,100
4393100a,0,0,100
1000565a,100,100,0
709797a,0,0,100
1000565c,40,0,100
1000565b,100,0,0
987059a,40,0,100
243090a,0,0,0
441620a,0,0,100
288000a,40,0,0
335992a,0,100,0
288000c,0,0,0
288000b,0,0,100
391601a,0,0,100
525370a,0,0,100
100226a,100,0,100
187272a,0,0,100
649189a,100,0,100
1077972a,0,0,100
227882a,100,0,100
478801a,0,0,100
439495a,0,0,0
516466a,0,0,0
667019a,0,100,0
632772a,0,0,0
683083a,0,0,100
720555a,100,0,100
439292b,100,0,100
83406a,40,0,0
439292a,0,100,0
392499c,0,0,100
1003237a,40,0,100
1003237b,0,0,100
931281a,0,100,0
573065a,0,0,0
479432a,100,0,100
207954a,40,0,100
457427b,40,0,100
164851a,0,100,0
44030a,0,0,0
1091046a,40,0,100
572480a,0,0,0
658187a,0,0,100
161112a,100,0,0
573065b,0,0,100
1033802a,100,100,0
937450a,100,100,0
937450b,40,0,100
465541c,0,0,100
640511a,40,0,100
50743a,0,0,0
207949d,40,0,100
1089455a,40,0,100
411154a,0,0,0
207949a,100,100,0
306254a,0,0,100
402612a,0,0,100
591159a,40,0,100
469371a,0,0,100
471854a,100,0,0
679197a,100,0,100
257313a,40,0,100
713604a,0,0,100
665958a,100,0,100
1107881b,0,0,0
311402a,0,0,0
1094979a,100,100,0
1107881a,0,0,0
395965a,40,0,100
395965b,40,0,100
391613a,0,0,0
562970b,0,100,0
366602a,40,0,0
392500b,40,0,100
391613b,0,0,0
74109a,0,0,100
392500a,100,100,0
330214b,0,100,0
439496a,100,0,0
439496b,0,0,0
330214a,100,100,0
1155777a,100,0,100
1003195a,40,0,100
709032a,0,0,0
709032b,0,0,0
391596a,0,0,0
279714a,40,0,100
396597a,0,0,0
760192b,100,100,0
491916b,0,0,0
555778a,0,100,0
563045a,0,0,100
572480b,0,0,0
697282a,100,100,0
369723a,40,0,100
247633a,40,0,0
997348a,0,0,0
862908a,0,0,100
443143a,0,0,0
266265c,100,0,0
1001530a,0,0,100
32042a,40,0,100
391597b,100,0,0
28450a,40,0,100
338969b,0,100,0
338969a,40,0,100
313628c,40,0,100
281090a,40,0,100
637616a,0,0,0
391625a,0,100,0
537972a,0,0,100
1116391a,0,100,0
1133849b,0,0,100
1088721c,0,0,0
1088721b,0,0,0
1088721a,0,0,100
270374a,100,100,0
1133849a,40,0,100
999141a,0,100,0
641118a,0,0,100
314278b,0,0,100
1037409a,40,0,0
710696a,0,0,100
379066a,0,0,100
379066b,0,0,0
314266a,0,0,100
394a,0,0,0
394b,0,0,0
314266b,0,0,100
1030841a,40,0,100
876044a,40,0,0
1037409b,0,0,100
479435c,0,0,100
479435b,0,0,100
479435a,0,100,0
98038a,100,0,0
556267a,0,0,100
314271a,0,0,100
931627a,40,0,100
291331a,100,100,0
3702a,100,0,0
145481a,100,0,0
145481b,100,0,0
314278a,0,0,100
565045a,0,0,0
585530a,0,0,100
672202a,0,100,0
613026a,0,0,100
548476a,40,0,100
63186b,0,0,100
63186a,0,0,0
388739a,100,0,0
1079988a,40,0,100
388739c,0,0,100
388739b,0,0,100
326298a,0,0,0
306537a,0,0,100
1002809a,0,0,100
208964a,0,0,0
883117a,0,100,0
290340a,0,0,100
471857a,40,0,100
702113c,0,0,0
6100635a,0,0,100
562970a,0,0,100
471852b,40,0,100
1004035a,0,0,100
469382a,0,100,0
1042878a,100,100,0
322710a,40,0,100
888826a,0,0,100
562981a,0,0,0
992406a,0,0,0
342610a,0,0,0
566461a,40,0,100
886377b,0,0,100
562983a,0,0,0
118168a,0,100,0
1006067a,0,100,0
521096a,0,0,100
717785b,0,100,0
666684a,0,0,0
391587a,0,0,100
55518a,0,0,100
583345a,0,0,0
3272100a,40,0,0
1006007a,0,100,0
749414b,40,0,100
1117646a,0,0,0
63737a,0,100,0
391037a,40,0,100
710685b,40,0,100
543526a,0,100,0
467200a,40,0,100
329726a,100,100,0
550540a,0,0,100
521674a,0,0,100
883154a,0,0,0
491916a,0,0,0
465541a,0,100,0
465541b,100,0,100
391008a,0,0,100
717785a,40,0,0
882083a,40,0,100
1138383c,0,0,0
317655a,0,0,0
1138383a,0,100,0
395961a,0,100,0
1036673a,0,0,100
667019b,0,0,100
5010022a,0,100,0
639283a,0,0,100
653045a,40,0,100
203122a,0,100,0
203122b,40,0,100
266835a,0,0,100
483219a,0,100,0
376686a,0,0,100
11010044b,0,0,0
272129a,0,0,0
388399a,0,0,100
279808a,100,0,100
858619a,0,0,100
326442b,0,0,0
326442c,40,0,100
326442a,0,0,0
216596a,0,0,0
216596b,0,0,0
272569a,0,100,0
340100a,0,0,100
313590a,0,0,100
1050720b,0,0,0
1050720a,0,0,0
386428a,0,0,0
910954a,40,0,100
546262a,0,0,0
314262a,0,0,100
243365a,40,0,100
3988a,100,0,0
3988b,100,100,0
458233a,100,0,100
537971a,0,0,100
1118153a,0,100,0
446470b,40,0,100
420662b,40,0,100
197a,0,0,100
622637b,0,0,100
477184b,0,0,100
357804a,40,0,100
477184a,40,0,100
446462a,100,0,100
314270a,100,0,0
944547a,0,0,0
432331a,0,0,0
102897c,0,0,100
644107a,0,0,0
634497a,0,100,0
371731a,0,0,100
265072a,0,0,100
684364a,0,100,0
640512a,0,0,0
448385a,100,0,0
82789b,0,0,0
882081a,40,0,100
929704a,0,0,0
313589b,0,100,0
929556b,0,0,0
350054b,0,100,0
644076a,0,0,100
760192a,0,0,0
556484b,0,0,0
556484a,0,0,0
479431c,40,0,100
479431b,0,100,0
479431a,0,0,100
314253b,0,0,0
9257100a,100,100,0
479431d,0,0,0
546414a,100,0,0
1007424c,100,100,0
1007424a,40,0,100
526225a,40,0,100
324869a,0,0,100
87626b,0,0,0
60480a,0,100,0
1041522a,40,0,100
314231a,0,100,0
134676a,0,0,0
134676b,40,0,100
32049a,0,100,0
1009852a,40,0,100
886377c,0,0,0
439495c,0,0,0
886377a,0,0,0
391615b,40,0,100
391615a,0,100,0
904314a,100,0,100
405948a,0,0,100
1089454a,0,0,0
471853b,0,0,0
471853a,40,0,100
3151000a,100,0,100
562982a,0,0,0
1004035b,0,0,0
399739b,40,0,100
399739a,100,100,0
323097a,0,0,0
6491004a,40,0,100
31964a,40,0,100
3847b,100,0,0
257310a,0,0,100
246196b,40,0,100
246196a,0,100,0
410659a,0,0,0
410659b,40,0,100
410659c,0,0,0
410659d,0,0,0
410659e,0,0,0
410659f,0,0,0
410659g,0,0,100
410659h,0,0,0
710685c,0,100,0
710685a,0,100,0
316274a,0,0,0
710685d,0,0,0
3781003a,0,0,100
383629a,0,0,0
1082933a,0,0,100
591157a,40,0,100
1082933c,0,0,0
595536b,0,0,100
314607a,0,100,0
944559a,100,0,100
595536a,0,0,40
693970a,0,0,0
446466a,40,0,100
887898a,0,0,0
114615a,0,0,0
114615c,0,0,100
114615b,40,0,0
196162a,0,0,100
485918a,0,0,0
991905a,0,0,0
290397a,0,100,0
984262a,0,100,0
644283b,40,0,100
446469a,0,0,0
551947b,40,0,0
551947c,0,0,100
996637a,0,0,100
551947a,0,0,100
748247c,0,100,0
670307a,100,0,0
997346b,0,100,0
709986a,0,0,0
743719a,0,0,100
391595a,100,0,0
742766a,0,0,100
65393a,100,100,0
1773a,100,100,0
714943a,0,0,0
797210a,0,100,0
391616b,0,0,100
864051a,0,100,0
485918b,0,0,0
1156940a,100,100,0
882082a,40,0,100
436114a,0,0,0
81972a,100,0,0
861360a,0,0,100
626418b,0,0,0
426355a,0,0,100
4577a,100,0,0
314277a,40,0,0
85643a,0,0,100
485917a,0,0,0
1026882a,40,0,100
904334a,100,0,100
590998a,40,0,100
1112204a,40,0,100
1112204b,0,100,0
452863a,0,0,100
527030a,0,0,100
889247a,0,0,100
479433a,40,0,100
743299a,40,0,0
1073574a,40,0,100
323850a,40,0,0
504472a,0,0,100
446470a,0,0,100
360911a,0,0,100
349521b,0,0,100
479433b,0,0,0
1027292a,0,0,100
887062b,40,0,100
1005732c,0,0,0
629265a,100,100,0
997346c,0,100,0
690566a,0,0,100
566466a,0,0,100
645465a,40,0,100
684719a,0,0,0
596312a,40,0,100
463191a,40,0,100
314345d,40,0,100
929713a,0,0,0
929713b,0,0,0
236097a,0,0,100
582899b,100,0,0
1094466a,0,0,0
582899a,0,100,0
5888i,0,0,100
5888j,0,0,100
5888k,0,100,0
5888l,0,0,0
5888m,0,0,100
666681b,0,0,0
44031a,0,0,0
546270a,0,0,0
5888b,0,0,100
553480a,0,0,100
137722a,0,0,0
553204a,40,0,100
5888f,0,0,100
471856a,40,0,100
423536a,100,100,0
423536b,0,0,0
423536c,0,0,0
423536d,0,0,0
423536e,0,0,0
423536f,100,100,0
423536g,0,100,0
423536h,0,0,0
634459a,0,0,100
362242a,0,100,0
362242b,0,0,0
395494a,40,0,100
224308a,100,0,100
347834a,0,0,0
347834b,0,0,0
564608a,0,0,0
74109b,0,0,0
365046a,0,100,0
862719a,0,0,0
365046b,40,0,100
985002a,100,0,100
563797a,100,100,0
880070a,0,0,0
880070b,0,0,100
715451b,0,0,0
378806a,100,0,0
925777a,100,100,0
1125979b,0,0,0
1125979a,0,0,0
629259a,100,100,0
395962a,0,100,0
999541b,0,0,0
396588a,0,0,100
929558b,0,0,0
319017b,0,0,100
319017a,40,0,0
990288c,0,0,100
509169a,100,100,0
762376a,40,0,100
4381003b,0,0,100
4381003a,40,0,100
388413a,0,100,0
388413b,0,0,100
388413c,0,0,100
323848a,0,0,100
388400a,0,0,100
323848b,0,0,0
8100328b,0,100,0
240015a,0,0,100
491915a,0,0,100
990288b,0,100,0
693985a,100,100,0
797303a,0,100,0
497964a,0,0,0
428406b,40,0,100
428406a,0,100,0
1005048a,0,0,0
3054b,0,100,0
3054a,0,100,0
550984a,100,100,0
60481a,40,0,0
633149b,0,0,100
990288a,0,100,0
1160710a,40,0,100
749414a,0,0,100
1077974a,40,0,100
933115a,100,0,100
525257a,0,0,0
313624a,0,100,0
543728b,0,100,0
765952a,0,0,0
1078763a,40,0,100
652103a,0,0,100
930171a,0,0,100
743718a,40,0,100
1131935a,0,0,100
188626a,100,0,100
483219b,0,0,0
661367a,100,100,0
314283a,0,100,0
3847a,100,0,0
526224a,0,0,100
485913a,0,0,100
1127134a,40,0,100
485913c,0,0,0
485913b,0,0,100
509190a,40,0,0
509190b,0,0,100
525368b,0,100,0
525368c,0,0,0
525368a,40,0,100
1769a,40,0,100
391616a,0,0,0
485918c,0,0,0
1006883a,0,100,0
582402a,0,0,100
700597a,40,0,100
953739c,0,0,100
953739b,40,0,100
953739a,0,0,100
365044d,40,0,100
221109a,0,0,100
566679a,0,0,100
391038a,0,0,0
661410a,0,0,100
1089453a,40,0,100
469383a,0,100,100
469383b,0,0,100
351607a,0,0,100
700598a,0,0,100
525260a,40,0,100
797209a,0,100,0
326297b,40,0,0
882083b,0,100,0
383629b,0,0,100
326297a,0,100,0
944559b,0,100,0
314270b,0,0,100
261292a,0,0,0
983328a,0,0,100
741161a,0,0,100
749388a,0,0,100
666685a,0,100,0
666685b,0,0,100
666685c,0,0,100
318161a,100,100,0
383372a,0,0,0
318161b,40,0,0
